"Freq"	"% Valid"	"% Valid Cum."	"% Total"	"% Total Cum."
"alone"	57	0.579798596277083	0.579798596277083	0.568748752743963	0.568748752743963
"cohab_stepf"	385	3.91618350116977	4.49598209744685	3.84154859309519	4.41029734583915
"rem_stepf"	355	3.61102634523446	8.10700844268131	3.54220714428258	7.95250449012173
"sffoster"	14	0.14240667276981	8.24941511545112	0.139692676112552	8.09219716623428
"singlef"	230	2.33953819550402	10.5889533109551	2.29495110756336	10.3871482737976
"singlem"	1945	19.7843556098057	30.3733089207609	19.407303931351	29.7944522051487
"smfoster"	78	0.793408605431797	31.1667175261927	0.778287766912792	30.5727399720615
"stepm"	131	1.33251958091751	32.4992371071102	1.30712432648174	31.8798642985432
"tfoster"	106	1.07822195097142	33.5774590580816	1.0576731191379	32.9375374176811
"tparent"	6530	66.4225409419184	100	65.1566553582119	98.094192775893
"<NA>"	191	NA	NA	1.90580722410696	100
"Total"	10022	100	100	100	100
